-1.535341888666152954e-01
7.327821850776672363e-02
2.389111369848251343e-01
-1.632110774517059326e-01
3.063450381159782410e-02
4.431253299117088318e-02
8.704759925603866577e-02
9.364879876375198364e-02
-7.101709395647048950e-02
5.682024639099836349e-03
5.890987813472747803e-02
5.636297166347503662e-02
-9.431684017181396484e-02
-1.814000606536865234e-01
1.008071750402450562e-01
-1.167301237583160400e-01
2.003176957368850708e-01
-1.279752403497695923e-01
1.978658437728881836e-01
9.258259832859039307e-02
1.893330663442611694e-01
8.517238497734069824e-02
1.749501377344131470e-01
8.128423988819122314e-02
-5.285071954131126404e-02
-1.179863959550857544e-01
1.078698970377445221e-02
-6.088842637836933136e-03
-2.379049919545650482e-02
3.660225868225097656e-02
-2.211405783891677856e-01
-1.394210457801818848e-01
-3.985979035496711731e-02
-1.194983422756195068e-01
-1.043787226080894470e-01
9.126039594411849976e-02
-9.142036736011505127e-02
-5.669178813695907593e-02
1.743585169315338135e-01
1.696690730750560760e-02
2.762508206069469452e-02
9.433118999004364014e-02
6.532493233680725098e-02
1.692027896642684937e-01
1.161465123295783997e-01
9.375763684511184692e-02
-5.419792979955673218e-02
-1.950035095214843750e-01
-1.372430175542831421e-01
-9.891971200704574585e-02
-5.131874606013298035e-02
6.803404539823532104e-02
8.734627813100814819e-02
7.467685639858245850e-02
2.828402630984783173e-02
-5.975579097867012024e-02
-1.572372578084468842e-02
1.650597751140594482e-01
3.570329025387763977e-02
-4.982239007949829102e-02
-1.941068321466445923e-01
1.727229058742523193e-01
1.181108653545379639e-01
1.754840314388275146e-01
1.348402798175811768e-01
-1.182593405246734619e-01
1.525103747844696045e-01
-2.138538360595703125e-01
-1.259708255529403687e-01
1.658291183412075043e-02
5.628330633044242859e-02
1.659803092479705811e-01
1.901991516351699829e-01
-6.758040189743041992e-02
-1.329664438962936401e-01
-5.981058999896049500e-02
3.299384191632270813e-02
1.535035967826843262e-01
-1.468792259693145752e-01
-7.073476910591125488e-02
-9.035242348909378052e-02
1.265325546264648438e-01
-1.069601625204086304e-01
1.805859655141830444e-01
-1.316692531108856201e-01
1.246235985308885574e-02
1.530336290597915649e-01
-4.269101470708847046e-02
-9.764391183853149414e-02
1.531425863504409790e-01
2.022253572940826416e-01
4.923622589558362961e-03
-3.437178954482078552e-02
1.522935926914215088e-02
1.523001641035079956e-01
-1.512427777051925659e-01
-3.949244692921638489e-02
1.447468101978302002e-01
1.638971418142318726e-01
1.921971291303634644e-01
2.078224867582321167e-01
1.719894558191299438e-01
-1.570858061313629150e-01
1.388305425643920898e-01
1.865964978933334351e-01
-1.753740459680557251e-01
1.117956787347793579e-01
1.111602112650871277e-01
-4.628605092875659466e-04
5.445246770977973938e-02
1.141617521643638611e-01
-1.519139390438795090e-02
-1.068701148033142090e-01
1.507276594638824463e-01
4.089955240488052368e-02
-1.288415789604187012e-01
2.084731906652450562e-01
-1.700509637594223022e-01
9.780528023838996887e-03
-7.097540050745010376e-02
-1.230872794985771179e-01
7.342886179685592651e-02
3.548392280936241150e-02
-9.988820552825927734e-02
-1.367369592189788818e-01
6.848406046628952026e-02
-2.016848325729370117e-01
-4.580878093838691711e-02
1.735614985227584839e-01
1.745218336582183838e-01
-1.155768111348152161e-01
1.405561119318008423e-01
-1.544826626777648926e-01
1.235879510641098022e-01
1.142752822488546371e-02
-6.984965503215789795e-02
-2.219841927289962769e-01
3.305469825863838196e-02
4.734451416879892349e-03
-7.234923541545867920e-03
1.114338636398315430e-01
-8.843089640140533447e-02
-1.531014144420623779e-01
-1.678180098533630371e-01
-1.901758909225463867e-01
9.310323745012283325e-02
4.560687765479087830e-02
-1.801723688840866089e-01
2.793274633586406708e-02
-1.520534008741378784e-01
-9.161765873432159424e-02
-4.502576217055320740e-02
-1.323707699775695801e-01
-1.764654815196990967e-01
-3.271076083183288574e-02
-6.659627705812454224e-02
-7.396908849477767944e-02
-1.234580501914024353e-01
-1.526659727096557617e-01
-9.567511826753616333e-02
1.224840059876441956e-01
5.371480807662010193e-02
1.801440566778182983e-01
1.550540775060653687e-01
1.005674898624420166e-01
2.105911225080490112e-01
-8.648894727230072021e-02
1.249692868441343307e-02
4.731301590800285339e-02
8.075174689292907715e-02
7.170014083385467529e-02
-2.585366368293762207e-02
-8.698596060276031494e-02
-1.544936895370483398e-01
-7.647674530744552612e-02
-1.454646736383438110e-01
-5.876262858510017395e-02
9.985616803169250488e-02
1.594851016998291016e-01
1.014542505145072937e-01
-5.831446498632431030e-02
1.082365885376930237e-01
1.554367095232009888e-01
-7.624740153551101685e-02
-5.027326941490173340e-02
-1.650747209787368774e-01
2.466657571494579315e-02
-1.166355088353157043e-01
1.591428369283676147e-01
1.428453475236892700e-01
-6.821297109127044678e-02
-1.127202156931161880e-02
-2.503631077706813812e-02
1.522745192050933838e-01
-1.011824682354927063e-01
2.030245512723922729e-01
7.129421085119247437e-02
-1.246515735983848572e-01
1.490678638219833374e-01
-7.500269263982772827e-02
1.739851236343383789e-01
6.418468803167343140e-02
1.830571889877319336e-01
1.489939540624618530e-01
1.075511276721954346e-01
1.897157132625579834e-01
2.274231053888797760e-02
-3.103648545220494270e-03
-6.149648129940032959e-02
1.732225716114044189e-01
4.294424131512641907e-02
-1.530638784170150757e-01
2.564713126048445702e-03
-1.372837722301483154e-01
1.974546760320663452e-01
8.483237773180007935e-02
1.758308559656143188e-01
8.450589329004287720e-02
-1.341802254319190979e-02
1.157708615064620972e-01
1.165528967976570129e-01
1.394600514322519302e-02
-1.589289605617523193e-01
1.689020544290542603e-01
1.421804130077362061e-01
-1.043811291456222534e-01
2.161719370633363724e-03
-4.390820115804672241e-02
1.303677707910537720e-01
7.328883558511734009e-02
1.268658190965652466e-01
1.702739298343658447e-01
-6.000624224543571472e-02
-1.836784482002258301e-01
1.536832153797149658e-01
-4.131295531988143921e-02
-1.295103579759597778e-01
1.823404878377914429e-01
1.111205220222473145e-01
-1.296948641538619995e-01
4.522040113806724548e-02
-1.853893846273422241e-01
-1.432532072067260742e-01
-6.639012694358825684e-02
-3.109807148575782776e-02
-7.331255078315734863e-02
4.899654537439346313e-02
-1.441233418881893158e-02
-1.245241314172744751e-01
-1.140197739005088806e-01
1.881231814622879028e-01
-1.897423863410949707e-01
1.575996279716491699e-01
-4.585741460323333740e-02
1.302761137485504150e-01
1.632828414440155029e-01
-1.982137560844421387e-03
3.134708106517791748e-02
-6.125570088624954224e-02
-1.638966202735900879e-01
-1.782793551683425903e-01
6.304839253425598145e-02
1.436895728111267090e-01
1.289695352315902710e-01
2.058473378419876099e-01
2.983256988227367401e-02
-1.059799566864967346e-01
-1.206982433795928955e-01
1.801137253642082214e-02
-8.791785687208175659e-03
-7.481838762760162354e-02
1.426930353045463562e-02
-6.267537176609039307e-02
1.048278957605361938e-01
4.128952696919441223e-02
1.391738653182983398e-01
1.256725937128067017e-01
-2.690573781728744507e-02
-1.666467189788818359e-01
8.385688066482543945e-02
1.510617583990097046e-01
1.369292885065078735e-01
-1.561443209648132324e-01
1.054656431078910828e-01
-3.664124011993408203e-02
-9.405601024627685547e-02
-2.278599888086318970e-01
-1.533678919076919556e-01
-7.106430083513259888e-02
-1.593627184629440308e-01
-2.162962853908538818e-01
2.024898529052734375e-01
6.409352272748947144e-02
-8.870232850313186646e-02
1.784154400229454041e-02
4.630855470895767212e-02
4.507321119308471680e-02
1.448417603969573975e-01
-1.153146401047706604e-01
-1.739400923252105713e-01
4.966509994119405746e-03
-1.632992774248123169e-01
-1.378860622644424438e-01
1.335187405347824097e-01
-1.195885017514228821e-01
9.986709803342819214e-02
-1.626791357994079590e-01
1.670274436473846436e-01
-1.615038663148880005e-01
3.355117514729499817e-02
-1.573105901479721069e-02
5.412385985255241394e-02
-5.811830610036849976e-02
2.142252922058105469e-01
-1.483363211154937744e-01
-1.570684835314750671e-02
-1.491164416074752808e-01
-1.431630849838256836e-01
1.553686261177062988e-01
1.497019082307815552e-01
8.127056807279586792e-02
1.731433868408203125e-01
-2.014259397983551025e-01
-6.857669353485107422e-02
-1.167628094553947449e-01
4.887627810239791870e-02
-1.047228462994098663e-02
4.110406339168548584e-02
-1.243198290467262268e-01
1.212569177150726318e-01
-2.048879414796829224e-01
1.279639825224876404e-02
-7.735614478588104248e-02
-1.624762564897537231e-01
1.490814089775085449e-01
-1.326645016670227051e-01
2.237245813012123108e-02
6.790776387788355350e-04
6.438563019037246704e-02
1.302397698163986206e-01
-2.049868106842041016e-01
1.937585175037384033e-01
-1.901643909513950348e-02
-4.742800444364547729e-02
-3.818256407976150513e-02
-1.648946665227413177e-02
-1.150973141193389893e-01
1.391355395317077637e-01
-4.397203773260116577e-02
-1.834287494421005249e-01
-5.516558140516281128e-02
1.001329943537712097e-01
-1.509549319744110107e-01
1.830991506576538086e-01
8.215120434761047363e-02
1.127911806106567383e-01
-1.953150779008865356e-01
-2.909968979656696320e-02
1.822865754365921021e-01
-1.851092278957366943e-01
-1.735436618328094482e-01
-3.405838087201118469e-02
1.235904321074485779e-01
2.039259374141693115e-01
2.277311123907566071e-02
1.604232192039489746e-01
-1.074315682053565979e-01
1.393755376338958740e-01
-1.472223848104476929e-01
6.491217017173767090e-02
1.010666340589523315e-01
-9.042789041996002197e-02
-1.503725796937942505e-01
1.300264596939086914e-01
2.533376216888427734e-02
1.735400706529617310e-01
2.772914990782737732e-02
6.514884065836668015e-03
-1.046278104186058044e-01
-8.863291144371032715e-02
2.226180434226989746e-01
5.274709686636924744e-02
1.663070321083068848e-01
1.154460087418556213e-01
9.559325873851776123e-02
-1.091716345399618149e-02
1.607968509197235107e-01
5.442820116877555847e-02
1.937515735626220703e-01
1.289212554693222046e-01
-1.545833796262741089e-01
3.352210298180580139e-02
1.410893499851226807e-01
-1.261948700994253159e-02
-6.156748905777931213e-02
1.845780760049819946e-01
1.359820812940597534e-01
1.027505770325660706e-01
2.370204329490661621e-01
1.066612899303436279e-01
-3.297438845038414001e-02
1.978284567594528198e-01
1.103193759918212891e-01
6.341759860515594482e-02
1.958133876323699951e-01
1.132393479347229004e-01
-2.091179639101028442e-01
-1.888956427574157715e-01
1.719481050968170166e-01
7.476761192083358765e-02
1.768831312656402588e-01
-1.435219496488571167e-01
-5.514867976307868958e-02
1.903234720230102539e-01
-2.011554688215255737e-01
3.490442037582397461e-02
5.237439274787902832e-02
-3.913675621151924133e-02
-8.281897008419036865e-02
-1.147531867027282715e-01
-1.765590161085128784e-01
-2.154243178665637970e-02
1.774833500385284424e-01
1.713176816701889038e-01
-4.374032467603683472e-02
1.686779037117958069e-02
1.181136816740036011e-01
-1.672517806291580200e-01
1.258440464735031128e-01
-1.549179758876562119e-02
7.300797104835510254e-02
7.304286584258079529e-03
-1.486389189958572388e-01
-7.136528939008712769e-02
-2.187562175095081329e-02
-3.395952656865119934e-02
8.159889280796051025e-02
-1.526628285646438599e-01
-1.145877242088317871e-01
-7.540675997734069824e-02
-5.328024551272392273e-02
-1.319683939218521118e-01
2.462793700397014618e-02
-1.437949687242507935e-01
1.585982739925384521e-01
-1.927510499954223633e-01
1.867668479681015015e-01
-6.563238799571990967e-02
-1.311623901128768921e-01
8.190816640853881836e-02
1.164040789008140564e-01
5.473798140883445740e-02
1.526934653520584106e-01
-1.401050984859466553e-01
7.308360934257507324e-02
-2.808035910129547119e-02
-1.225451454520225525e-01
1.465282589197158813e-01
-1.237117499113082886e-01
1.333744525909423828e-01
1.644210815429687500e-01
-2.106359153985977173e-01
8.915828913450241089e-02
1.301285326480865479e-01
6.789603829383850098e-02
-8.909960836172103882e-02
-1.357108652591705322e-01
-1.357757896184921265e-01
-1.604577526450157166e-02
3.437422960996627808e-02
1.296605169773101807e-01
-1.202121973037719727e-01
2.773831970989704132e-02
1.098188981413841248e-01
-6.653274595737457275e-02
1.132440567016601562e-01
7.662440836429595947e-02
1.386856436729431152e-01
6.700710952281951904e-02
2.053875625133514404e-01
1.123879924416542053e-01
1.137822344899177551e-01
5.676035210490226746e-02
-4.818714410066604614e-02
-1.029085665941238403e-01
-1.214597672224044800e-01
-1.349735260009765625e-01
-2.208097837865352631e-03
-1.639062464237213135e-01
-1.929249465465545654e-01
9.123096615076065063e-02
1.861249804496765137e-01
-6.749189645051956177e-02
1.934913247823715210e-01
1.955753713846206665e-01
1.024848669767379761e-01
3.028139658272266388e-02
2.121485024690628052e-01
1.497241854667663574e-02
1.894320994615554810e-01
-9.261518716812133789e-02
4.101192578673362732e-02
3.655003756284713745e-02
-2.153106480836868286e-01
-1.085918918251991272e-01
-3.352497145533561707e-02
1.785924844443798065e-02
1.806695014238357544e-01
-6.948688626289367676e-02
8.556496351957321167e-03
2.519660629332065582e-03
-2.693956159055233002e-02
-4.509964212775230408e-02
-1.849022060632705688e-01
1.051276028156280518e-01
1.387653797864913940e-01
9.321051090955734253e-02
-8.135426789522171021e-02
-5.800048634409904480e-02
-1.924425065517425537e-01
-1.964686363935470581e-01
-1.713022589683532715e-01
1.309102624654769897e-01
-4.232475161552429199e-02
1.630653142929077148e-01
8.167801052331924438e-02
1.589388102293014526e-01
-6.743299216032028198e-02
-8.805619925260543823e-02
-2.888014726340770721e-02
3.573871776461601257e-02
4.941294714808464050e-02
2.219568639993667603e-01
7.129786163568496704e-02
2.042676061391830444e-01
6.658802926540374756e-02
9.353049844503402710e-02
1.067841425538063049e-01
6.300388276576995850e-02
-1.140299439430236816e-01
5.165012180805206299e-02
-2.174068838357925415e-01
-7.698667794466018677e-02
-6.742496043443679810e-02
-1.378606408834457397e-01
1.190644279122352600e-01
1.819708645343780518e-01
8.233994245529174805e-02
3.192515671253204346e-02
1.914831399917602539e-01
1.852711290121078491e-01
4.960272461175918579e-02
-9.021524339914321899e-02
-1.663477271795272827e-01
8.977346122264862061e-02
1.522252559661865234e-01
9.336934983730316162e-02
2.006294578313827515e-01
1.347164809703826904e-01
-5.371063202619552612e-02
-1.654296666383743286e-01
-1.242633908987045288e-01
-1.858469545841217041e-01
-1.796038001775741577e-01
-2.127548456192016602e-01
1.615019887685775757e-01
-1.823648363351821899e-01
1.279444247484207153e-01
-1.123461201786994934e-01
1.712975651025772095e-02
-1.799543201923370361e-01
-1.553446799516677856e-01
1.240424215793609619e-01
1.771342903375625610e-01
1.748514026403427124e-01
-1.655372679233551025e-01
-1.157161816954612732e-01
1.402219235897064209e-01
1.278866529464721680e-01
1.540480256080627441e-01
-1.231781244277954102e-01
5.296251550316810608e-02
1.980821788311004639e-01
-9.851946681737899780e-02
1.918844431638717651e-01
-3.661187738180160522e-02
1.470326930284500122e-01
1.450988501310348511e-01
1.703806519508361816e-01
-1.073191314935684204e-01
-6.053863838315010071e-02
-1.974961487576365471e-03
-5.915673077106475830e-02
1.116990894079208374e-01
-4.338867962360382080e-03
-1.278227195143699646e-02
1.093706712126731873e-01
8.423160761594772339e-02
-9.700460359454154968e-04
6.313836202025413513e-03
-7.219112478196620941e-03
-2.190909236669540405e-01
-1.861970685422420502e-02
1.055518835783004761e-01
4.424975067377090454e-02
-9.369621425867080688e-02
2.124179303646087646e-01
4.222105816006660461e-02
-5.869903601706027985e-03
8.913461118936538696e-02
-7.518918067216873169e-02
-5.994661152362823486e-02
-1.244270429015159607e-01
6.486503034830093384e-02
1.001099720597267151e-01
2.298364043235778809e-02
-1.617409288883209229e-01
1.136755123734474182e-01
5.846383050084114075e-02
1.094308793544769287e-01
-4.697127640247344971e-02
-1.953157931566238403e-01
-7.026035338640213013e-03
-1.445011347532272339e-01
1.041559204459190369e-01
-7.438015192747116089e-02
5.829671025276184082e-02
-8.622272312641143799e-02
1.520837247371673584e-01
-1.051391102373600006e-02
-5.391505360603332520e-02
1.471101492643356323e-01
-8.870051801204681396e-02
-1.827293187379837036e-01
-5.394155904650688171e-02
1.260272413492202759e-01
1.946551948785781860e-01
-1.358436048030853271e-01
-1.036026328802108765e-01
1.460028588771820068e-01
-1.373902615159749985e-02
1.765093952417373657e-01
-1.620149612426757812e-01
8.802117407321929932e-02
1.629259288311004639e-01
1.829615682363510132e-01
9.411908686161041260e-02
-1.301821172237396240e-01
1.252011507749557495e-01
7.191652804613113403e-02
-1.535358726978302002e-01
1.739974133670330048e-02
6.793696433305740356e-02
1.601911634206771851e-01
1.587800234556198120e-01
2.127357125282287598e-01
2.087570726871490479e-01
1.736472994089126587e-01
-1.994886249303817749e-02
-6.879400461912155151e-02
-1.564163714647293091e-02
-2.244447767734527588e-01
-1.441191881895065308e-01
-1.042910963296890259e-01
1.841065734624862671e-01
7.558641582727432251e-02
-2.737793838605284691e-04
1.014734730124473572e-01
1.019173413515090942e-01
4.099844396114349365e-02
1.419838815927505493e-01
1.005693972110748291e-01
1.579642742872238159e-01
-1.830233633518218994e-01
8.950967341661453247e-02
-7.824733108282089233e-02
-1.490030288696289062e-01
1.883269399404525757e-01
1.392480581998825073e-01
7.522344589233398438e-02
1.880857348442077637e-01
-1.393512189388275146e-01
-7.914513349533081055e-02
-1.485094577074050903e-01
-1.502360999584197998e-01
-9.100941941142082214e-03
9.873613715171813965e-02
8.361682295799255371e-02
9.517555683851242065e-02
-6.496987491846084595e-02
-2.467696927487850189e-02
-7.232618983834981918e-03
9.627012908458709717e-02
1.478695310652256012e-02
1.542724072933197021e-01
-1.662781238555908203e-01
-1.354773640632629395e-01
-1.230346411466598511e-01
1.107063591480255127e-01
-1.401353478431701660e-01
1.885942816734313965e-01
1.507539302110671997e-01
3.917969018220901489e-02
-1.587561219930648804e-01
9.276734292507171631e-02
1.473083496093750000e-01
1.706088781356811523e-01
1.698769629001617432e-01
-4.234109073877334595e-02
8.595172315835952759e-02
-6.640485674142837524e-02
1.880811601877212524e-01
-1.170657351613044739e-01
-1.610754579305648804e-01
-4.290319606661796570e-02
1.012254133820533752e-01
9.453136473894119263e-02
5.865733325481414795e-02
-1.572429835796356201e-01
-1.327301263809204102e-01
1.267228722572326660e-01
-9.999386221170425415e-02
-1.727878451347351074e-01
1.521570514887571335e-02
-9.489769488573074341e-02
-1.438053995370864868e-01
1.903614550828933716e-01
2.684204652905464172e-02
-3.349871933460235596e-02
1.782196015119552612e-01
-2.028837502002716064e-01
1.419447958469390869e-01
8.342497050762176514e-03
7.884150743484497070e-02
5.893658846616744995e-02
-1.601613759994506836e-01
-1.694380939006805420e-01
-1.485941261053085327e-01
6.312497705221176147e-02
7.462632656097412109e-02
3.961990401148796082e-02
1.155729740858078003e-01
1.088844761252403259e-01
-1.682709604501724243e-01
-1.701838821172714233e-01
7.427885383367538452e-02
-2.095859646797180176e-01
-3.203337267041206360e-02
-1.078770533204078674e-01
-9.981224685907363892e-02
-1.176151353865861893e-02
-9.625869989395141602e-02
-1.874209791421890259e-01
3.215839713811874390e-02
9.565265499986708164e-04
1.620087623596191406e-01
-1.500868499279022217e-01
-3.091376507654786110e-03
-1.587482839822769165e-01
-1.334823668003082275e-01
-8.226654678583145142e-02
-3.510333225131034851e-02
-6.276055425405502319e-02
-2.310256101191043854e-02
-2.199306935071945190e-01
-1.278852671384811401e-01
-1.035032868385314941e-01
7.065296173095703125e-02
-2.421557344496250153e-02
1.105183064937591553e-01
-1.909663677215576172e-01
1.952095776796340942e-01
3.026470169425010681e-02
-1.404538154602050781e-01
-1.444681361317634583e-02
1.192562058568000793e-01
1.375325620174407959e-01
-1.631820052862167358e-01
1.872167140245437622e-01
1.747927963733673096e-01
2.211786806583404541e-01
1.814852058887481689e-01
-1.946484595537185669e-01
-1.367788203060626984e-02
-7.459442317485809326e-02
-7.297138124704360962e-02
-3.979322314262390137e-02
-1.292192959226667881e-03
-1.223956495523452759e-01
1.287216097116470337e-01
1.379975955933332443e-02
1.454511880874633789e-01
-2.090616971254348755e-01
-8.471678197383880615e-02
-1.998169869184494019e-01
-2.888888679444789886e-02
6.563715636730194092e-02
1.532973945140838623e-01
-1.545174568891525269e-01
-3.615737706422805786e-02
1.670111864805221558e-01
1.707059144973754883e-01
5.373258143663406372e-02
1.490981131792068481e-01
2.528265491127967834e-02
1.561785638332366943e-01
-1.486056149005889893e-01
6.568985432386398315e-02
-3.926944360136985779e-02
-1.991078257560729980e-01
-3.483174368739128113e-02
-1.499951817095279694e-02
1.200439557433128357e-01
2.989732660353183746e-02
3.307237639091908932e-04
1.200594529509544373e-01
-1.002279892563819885e-01
-2.203348875045776367e-01
-4.523039981722831726e-02
-8.042906224727630615e-02
1.354552656412124634e-01
-1.262732148170471191e-01
-7.669591158628463745e-02
1.012875437736511230e-01
-1.052198186516761780e-01
-2.963143959641456604e-02
1.488524824380874634e-01
-1.607571542263031006e-01
1.164513975381851196e-01
-2.474890090525150299e-02
-5.804063752293586731e-02
-1.201016679406166077e-01
2.118327617645263672e-01
-1.548639088869094849e-01
2.130139246582984924e-02
-1.927503347396850586e-01
1.585172563791275024e-01
1.822289228439331055e-01
2.018173784017562866e-01
1.168556138873100281e-01
-6.535433977842330933e-02
-1.951318681240081787e-01
2.118813246488571167e-01
-1.214350834488868713e-01
8.938554674386978149e-02
1.483326256275177002e-01
7.143568247556686401e-02
-2.038171738386154175e-01
-1.216672509908676147e-01
-1.891348809003829956e-01
-2.353329584002494812e-02
-1.617020666599273682e-01
-1.971668004989624023e-01
1.049312576651573181e-01
-1.437810659408569336e-01
-9.147570282220840454e-02
1.552613079547882080e-01
-1.936429440975189209e-01
-1.610977500677108765e-01
1.103725507855415344e-01
-1.577382683753967285e-01
4.580644145607948303e-02
1.377811431884765625e-01
2.254941314458847046e-01
7.838931865990161896e-03
3.527707234025001526e-02
-4.924496635794639587e-02
1.161731258034706116e-01
4.326951690018177032e-03
-7.979520410299301147e-02
1.430462002754211426e-01
1.469533443450927734e-01
-7.373272627592086792e-02
1.859870851039886475e-01
1.142949424684047699e-02
-1.486565768718719482e-01
-2.082027047872543335e-01
-8.601361513137817383e-02
-1.247138455510139465e-01
4.488703794777393341e-03
9.652269631624221802e-02
1.522518228739500046e-02
9.395989775657653809e-02
-8.120924234390258789e-03
4.675044119358062744e-02
-6.346817314624786377e-02
-1.374234557151794434e-01
1.552667468786239624e-01
6.493474543094635010e-02
-3.183071094099432230e-04
7.776546478271484375e-02
1.635616868734359741e-01
1.518697440624237061e-01
1.193798854947090149e-01
-9.466780722141265869e-02
-4.474440589547157288e-02
1.836974918842315674e-01
7.349752634763717651e-02
1.529005020856857300e-01
4.515966773033142090e-02
6.565929949283599854e-02
-5.661469697952270508e-02
1.006660759449005127e-01
-8.880199491977691650e-02
-1.051102355122566223e-01
-1.519814729690551758e-01
1.198015548288822174e-02
-5.538474023342132568e-02
-5.836658179759979248e-02
1.188683323562145233e-02
-1.172968447208404541e-01
-7.772938907146453857e-02
8.474802970886230469e-02
-1.381038576364517212e-01
1.724632680416107178e-01
-8.031754195690155029e-02
-2.753446623682975769e-02
2.475545369088649750e-02
-1.060435473918914795e-01
8.820673078298568726e-02
1.396174281835556030e-01
-1.883591562509536743e-01
-1.749704778194427490e-01
1.606381237506866455e-01
-2.030941098928451538e-01
-1.642088145017623901e-01
-1.172120943665504456e-01
3.294607251882553101e-02
-1.005602926015853882e-01
-1.943508535623550415e-01
6.220557540655136108e-02
1.708345301449298859e-02
9.718712419271469116e-02
-4.534584935754537582e-03
1.589197516441345215e-01
1.900485455989837646e-01
-1.261955946683883667e-01
9.529957920312881470e-02
1.545148342847824097e-01
-5.584803968667984009e-02
-1.505807135254144669e-02
-3.894484043121337891e-02
1.238730698823928833e-01
1.779550313949584961e-02
-1.774887293577194214e-01
1.282425522804260254e-01
1.352575123310089111e-01
-6.366950925439596176e-03
1.958356797695159912e-01
4.363210126757621765e-02
2.084544450044631958e-01
7.106076180934906006e-02
-1.488791108131408691e-01
2.060858309268951416e-01
-1.056401990354061127e-02
-9.831803292036056519e-02
-1.586901545524597168e-01
1.854282766580581665e-01
1.221640780568122864e-01
1.152773946523666382e-01
2.059424072504043579e-01
6.167852878570556641e-02
1.842268370091915131e-02
-1.071890741586685181e-01
1.988910883665084839e-01
1.777840107679367065e-01
4.977606702595949173e-03
2.952555939555168152e-02
-1.344746351242065430e-01
1.552994549274444580e-01
6.517926603555679321e-02
6.380660086870193481e-02
2.168941944837570190e-01
-6.621626019477844238e-02
5.689045414328575134e-02
-1.368957161903381348e-01
-1.013349667191505432e-01
2.013904750347137451e-01
-2.758195390924811363e-03
2.014615833759307861e-01
4.527901113033294678e-02
2.146656364202499390e-01
-1.283942908048629761e-01
3.851654008030891418e-02
3.304345905780792236e-02
-1.598924994468688965e-01
1.428416222333908081e-01
8.130611479282379150e-02
1.850119680166244507e-01
1.656045168638229370e-01
-1.691899448633193970e-02
-1.405806243419647217e-01
-8.904197067022323608e-02
-4.995721951127052307e-02
1.721422523260116577e-01
-4.539339616894721985e-02
1.579831987619400024e-01
2.089961320161819458e-01
1.001350879669189453e-01
1.791979968547821045e-01
