-1.161784976720809937e-01
6.346065085381269455e-03
1.656597247347235680e-03
5.430249124765396118e-02
-8.569522947072982788e-02
6.562203913927078247e-02
1.420773938298225403e-02
9.732634760439395905e-03
-7.093618065118789673e-02
7.326070219278335571e-02
1.079894527792930603e-01
7.169406116008758545e-02
-8.604914695024490356e-02
5.461771413683891296e-02
-8.863283693790435791e-02
-1.450136583298444748e-02
-4.861998185515403748e-02
3.136894479393959045e-02
-2.799967117607593536e-02
9.743940085172653198e-02
2.901190146803855896e-02
-3.937353845685720444e-03
6.771850865334272385e-03
-7.795324921607971191e-02
-1.060737073421478271e-01
-4.985271394252777100e-02
-4.992049932479858398e-02
7.482971251010894775e-02
1.285373140126466751e-02
1.643202500417828560e-03
9.157293289899826050e-02
-7.002431899309158325e-02
1.871689967811107635e-02
-6.312198191881179810e-02
-4.199764877557754517e-02
-1.248335167765617371e-01
-1.109701916575431824e-01
4.641396552324295044e-02
1.098013669252395630e-02
1.232806369662284851e-01
-3.856563568115234375e-02
-9.701011329889297485e-02
-1.170712709426879883e-01
5.876568332314491272e-02
7.712025195360183716e-02
5.905900523066520691e-02
-7.803701795637607574e-03
-7.400976866483688354e-02
1.216819509863853455e-01
1.026676073670387268e-01
-2.471238560974597931e-02
8.955123275518417358e-02
-5.709964409470558167e-02
6.981878727674484253e-02
4.835079237818717957e-02
1.023247539997100830e-01
6.084313243627548218e-02
5.003096163272857666e-02
1.286000758409500122e-01
-1.277521997690200806e-01
-1.395776718854904175e-01
-6.384211778640747070e-02
4.260015115141868591e-02
-1.237557008862495422e-01
-5.268721841275691986e-03
1.493601948022842407e-01
1.349580436944961548e-01
1.086909100413322449e-01
4.946536198258399963e-02
-6.516294926404953003e-02
-1.157258599996566772e-01
-4.301365092396736145e-02
-1.178961545228958130e-01
-3.580120578408241272e-02
-4.875201359391212463e-02
-4.814136773347854614e-02
-7.108173519372940063e-02
5.178669840097427368e-02
-8.793897926807403564e-02
4.287033155560493469e-02
-1.191571429371833801e-01
1.438075602054595947e-01
-3.885944560170173645e-02
1.706287823617458344e-02
9.663377702236175537e-02
8.456471562385559082e-02
9.906769543886184692e-02
2.198379859328269958e-02
7.501978427171707153e-02
-9.145160019397735596e-02
1.034578830003738403e-01
-1.121166795492172241e-01
-6.383285392075777054e-03
1.569112949073314667e-02
8.253952488303184509e-03
-4.670763760805130005e-02
-3.269426524639129639e-02
9.347117692232131958e-02
-4.484768211841583252e-02
6.193839758634567261e-02
2.487131208181381226e-02
-1.325892098248004913e-02
3.678181767463684082e-02
-2.680298313498497009e-02
-8.476730436086654663e-02
4.443143308162689209e-02
-6.986591219902038574e-02
1.534773223102092743e-02
-8.903285861015319824e-02
-1.092172488570213318e-01
5.795621871948242188e-02
2.669741958379745483e-02
-4.369038715958595276e-02
4.928389191627502441e-02
6.429924070835113525e-02
-8.817420154809951782e-02
8.505403995513916016e-02
-5.167374014854431152e-02
-1.266521513462066650e-01
5.896846577525138855e-02
1.019086837768554688e-01
-2.218925952911376953e-02
-1.037461962550878525e-02
2.098540030419826508e-02
-1.177830807864665985e-02
